1998.00274 -0.166667
1998.00548 2.44444
1998.00821 7.11111
1998.01095 5.83333
1998.01369 4.61111
1998.01643 4.5
1998.01916 7.66667
1998.02190 7.22222
1998.02464 7.83333
1998.02738 2.44444
1998.03012 -0.388889
1998.03285 -1.11111
1998.03559 -2.66667
1998.03833 0
1998.04107 3.55556
1998.04381 4.11111
1998.04654 3.16667
1998.04928 0.444444
1998.05202 4.66667
1998.05476 0.722222
1998.05749 -0.555556
1998.06023 -1.66667
1998.06297 -0.5
1998.06571 -1.72222
1998.06845 -2.88889
1998.07118 -5.05556
1998.07392 -6.83333
1998.07666 -4.72222
1998.07940 -3.11111
1998.08214 -4.88889
1998.08487 -6.05556
1998.08761 -9.88889
1998.09035 -7.11111
1998.09309 -5.5
1998.09582 -6.27778
1998.09856 -5.5
1998.10130 -4.05556
1998.10404 -0.5
1998.10678 1.27778
1998.10951 1.11111
1998.11225 3.55556
1998.11499 4.44444
1998.11773 7.05556
1998.12047 10.0556
1998.12320 7.44444
1998.12594 7.11111
1998.12868 8.5
1998.13142 5.94444
1998.13415 4.72222
1998.13689 6.16667
1998.13963 5.11111
1998.14237 4.77778
1998.14511 7.05556
1998.14784 5.38889
1998.15058 6.72222
1998.15332 6.44444
1998.15606 6.22222
1998.15880 6.11111
1998.16153 6.16667
1998.16427 1.38889
1998.16701 5.88889
1998.16975 9
1998.17248 16.2778
1998.17522 6.55556
1998.17796 5.5
1998.18070 10.4444
1998.18344 6.11111
1998.18617 -0.388889
1998.18891 -0.333333
1998.19165 -0.722222
1998.19439 0.277778
1998.19713 1.83333
1998.19986 4
1998.20260 5
1998.20534 6.05556
1998.20808 6.05556
1998.21081 7.27778
1998.21355 4.94444
1998.21629 3.05556
1998.21903 0.833333
1998.22177 1.11111
1998.22450 0.0555556
1998.22724 0.888889
1998.22998 -0.166667
1998.23272 1.22222
1998.23546 5.77778
1998.23819 8.72222
1998.24093 9.66667
1998.24367 10.2778
1998.24641 10.2778
1998.24914 12.1111
1998.25188 13.2222
1998.25462 11.6111
1998.25736 7.77778
1998.26010 8.44444
1998.26283 7.72222
1998.26557 7.77778
1998.26831 7.44444
1998.27105 7
1998.27379 9.61111
1998.27652 8.44444
1998.27926 4.05556
1998.28200 2.55556
1998.28474 2.77778
1998.28747 5.55556
1998.29021 6
1998.29295 7.5
1998.29569 6.22222
1998.29843 5.11111
1998.30116 7.72222
1998.30390 9.11111
1998.30664 10.6111
1998.30938 12.5
1998.31211 11.9444
1998.31485 13.1111
1998.31759 16.1667
1998.32033 14.9444
1998.32307 7.94444
1998.32580 9.88889
1998.32854 12.2222
1998.33128 12.7222
1998.33402 9.94444
1998.33676 11.5556
1998.33949 8.94444
1998.34223 9.05556
1998.34497 10.7222
1998.34771 13.2778
1998.35044 15.5
1998.35318 17.5556
1998.35592 18.0556
1998.35866 18.8889
1998.36140 19.7222
1998.36413 19.7222
1998.36687 16.4444
1998.36961 14.0556
1998.37235 12.3333
1998.37509 11
1998.37782 11.6111
1998.38056 14.7222
1998.38330 15.3333
1998.38604 13.8333
1998.38877 10.2778
1998.39151 9.55556
1998.39425 10.8889
1998.39699 12.0556
1998.39973 14.2778
1998.40246 16.8889
1998.40520 18.7778
1998.40794 16.4444
1998.41068 16.3333
1998.41342 17.2222
1998.41615 15.4444
1998.41889 18.9444
1998.42163 19.0556
1998.42437 19.5
1998.42710 21.8889
1998.42984 24.7778
1998.43258 20.6667
1998.43532 15
1998.43806 16.8889
1998.44079 17.0556
1998.44353 13.1111
1998.44627 9.61111
1998.44901 9
1998.45175 11.3333
1998.45448 13.7778
1998.45722 13.3333
1998.45996 13.1667
1998.46270 14.1111
1998.46543 17.2778
1998.46817 19.9444
1998.47091 22.8889
1998.47365 22
1998.47639 18.2222
1998.47912 17.6111
1998.48186 20.3333
1998.48460 19.7778
1998.48734 21.0556
1998.49008 17.5556
1998.49281 18.5556
1998.49555 18.5556
1998.49829 18
1998.50103 15.9444
1998.50376 16.2222
1998.50650 14.7222
1998.50924 15.5556
1998.51198 17.7778
1998.51472 14.7778
1998.51745 10.7222
1998.52019 14.3333
1998.52293 15.8333
1998.52567 16.9444
1998.52841 18.2222
1998.53114 20.2778
1998.53388 16.1111
1998.53662 15.7222
1998.53936 14.3889
1998.54209 17.1111
1998.54483 20
1998.54757 21.2778
1998.55031 24.8333
1998.55305 24.7222
1998.55578 21.2778
1998.55852 22.2222
1998.56126 19.7778
1998.56400 18.9444
1998.56674 18.7778
1998.56947 18
1998.57221 17.1667
1998.57495 18.0556
1998.57769 21.1111
1998.58042 17.1667
1998.58316 18.5
1998.58590 19.5
1998.58864 18.6111
1998.59138 19.7222
1998.59411 18.5
1998.59685 17.4444
1998.59959 19.1111
1998.60233 21.2778
1998.60507 23.4444
1998.60780 22.1667
1998.61054 24.1111
1998.61328 25.5
1998.61602 20.8889
1998.61875 18.7222
1998.62149 20.1111
1998.62423 23
1998.62697 22.6111
1998.62971 20.1111
1998.63244 20.6111
1998.63518 19.6111
1998.63792 17.4444
1998.64066 15.6111
1998.64339 14.1667
1998.64613 15.3333
1998.64887 14.4444
1998.65161 16.5
1998.65435 13.1667
1998.65708 11.0556
1998.65982 11.9444
1998.66256 12.6667
1998.66530 13.3889
1998.66804 14
1998.67077 17.8889
1998.67351 17.0556
1998.67625 17.7222
1998.67899 14.0556
1998.68172 13.8889
1998.68446 14.6111
1998.68720 15.2778
1998.68994 17.6667
1998.69268 19.9444
1998.69541 14.2778
1998.69815 11.8889
1998.70089 9.77778
1998.70363 9.61111
1998.70637 10.7222
1998.70910 13.6111
1998.71184 10.3333
1998.71458 10.7778
1998.71732 9.72222
1998.72005 11.2222
1998.72279 11.2222
1998.72553 12.2222
1998.72827 10.6111
1998.73101 11.3889
1998.73374 10.7778
1998.73648 13.2778
1998.73922 14.9444
1998.74196 13.5
1998.74470 12.1667
1998.74743 12.4444
1998.75017 12.6111
1998.75291 11
1998.75565 8.88889
1998.75838 10.3889
1998.76112 8.88889
1998.76386 10.3333
1998.76660 9.66667
1998.76934 9.33333
1998.77207 10.3889
1998.77481 11.7222
1998.77755 11.4444
1998.78029 10.2222
1998.78303 7.5
1998.78576 10.6111
1998.78850 13.6667
1998.79124 13.0556
1998.79398 13.6111
1998.79671 10.0556
1998.79945 7.61111
1998.80219 6.05556
1998.80493 6.55556
1998.80767 10.3889
1998.81040 11.2222
1998.81314 10.7778
1998.81588 10.5
1998.81862 7.44444
1998.82136 7.77778
1998.82409 14.6111
1998.82683 8.33333
1998.82957 5.55556
1998.83231 5.72222
1998.83504 8
1998.83778 4.61111
1998.84052 5.5
1998.84326 5.88889
1998.84600 4.16667
1998.84873 5.38889
1998.85147 4.05556
1998.85421 2.27778
1998.85695 8.72222
1998.85969 9.88889
1998.86242 4.27778
1998.86516 0.5
1998.86790 2.61111
1998.87064 2.44444
1998.87337 3.33333
1998.87611 2.5
1998.87885 -0.444444
1998.88159 -1.72222
1998.88433 -2.11111
1998.88706 -4.44444
1998.88980 -5.94444
1998.89254 -6.94444
1998.89528 -4.38889
1998.89802 -4.88889
1998.90075 -5.66667
1998.90349 -0.777778
1998.90623 0.722222
1998.90897 0.333333
1998.91170 0
1998.91444 -0.444444
1998.91718 -1.77778
1998.91992 -3.27778
1998.92266 -4.16667
1998.92539 -4.38889
1998.92813 -0.944444
1998.93087 -1.77778
1998.93361 -3.11111
1998.93634 -5.16667
1998.93908 -12.2222
1998.94182 -6.94444
1998.94456 -3.22222
1998.94730 2.33333
1998.95003 7.33333
1998.95277 6.11111
1998.95551 6.88889
1998.95825 5.05556
1998.96099 0.777778
1998.96372 0.111111
1998.96646 4.61111
1998.96920 2.05556
1998.97194 -0.388889
1998.97467 -1
1998.97741 -1.27778
1998.97741 99
1998.98289 0.277778
1998.98563 3.77778
1998.98836 8.77778
1998.99110 3.38889
1998.99384 1.11111
1998.99384 99
1998.99384 -99
1999.00274 -1.11111
1999.00548 -2.77778
1999.00821 3.83333
1999.01095 7.33333
1999.01369 6.77778
1999.01643 3.22222
1999.01916 6.22222
1999.02190 5.44444
1999.02464 3.05556
1999.02464 99
1999.03012 1.38889
1999.03285 -2.88889
1999.03559 -0.611111
1999.03833 2.94444
1999.04107 3.05556
1999.04381 2.61111
1999.04654 0.722222
1999.04928 -2.05556
1999.05202 -2.22222
1999.05476 -2.22222
1999.05749 -2.77778
1999.06023 -3.44444
1999.06297 -3.66667
1999.06571 -1.72222
1999.06845 4.27778
1999.07118 5.88889
1999.07392 1.44444
1999.07666 0.944444
1999.07940 -3.27778
1999.08214 -6.16667
1999.08487 -8.55556
1999.08761 -9.33333
1999.09035 -1.44444
1999.09309 0.944444
1999.09582 4.27778
1999.09856 3.88889
1999.10130 0.222222
1999.10404 0.611111
1999.10678 -2.88889
1999.10951 -5.22222
1999.11225 -5.77778
1999.11499 -6
1999.11773 -9.83333
1999.12047 -5.55556
1999.12320 -4
1999.12594 -5.11111
1999.12868 -1.88889
1999.13142 -0.611111
1999.13415 -1.55556
1999.13689 3.38889
1999.13963 5.11111
1999.14237 4.38889
1999.14511 1.11111
1999.14784 -0.5
1999.15058 -0.888889
1999.15332 -3.55556
1999.15606 1.61111
1999.15880 4.11111
1999.16153 3.72222
1999.16427 5.55556
1999.16701 8.55556
1999.16975 9.77778
1999.17248 6.55556
1999.17522 3.16667
1999.17796 2.38889
1999.18070 0.777778
1999.18344 2.61111
1999.18617 4.66667
1999.18891 7.94444
1999.19165 4.38889
1999.19439 4.5
1999.19713 7.88889
1999.19986 7.88889
1999.20260 6.83333
1999.20534 3.27778
1999.20808 1.27778
1999.21081 0.555556
1999.21355 1.22222
1999.21629 2.66667
1999.21903 5.11111
1999.22177 5.5
1999.22450 3.61111
1999.22724 8.05556
1999.22998 9.66667
1999.23272 10.7222
1999.23546 9.55556
1999.23819 6
1999.24093 5.72222
1999.24367 6.11111
1999.24641 6.33333
1999.24914 9.05556
1999.25188 8.88889
1999.25462 9.33333
1999.25736 9.94444
1999.26010 9.88889
1999.26283 13.3333
1999.26557 9.05556
1999.26831 7.66667
1999.27105 7.61111
1999.27379 8.11111
1999.27652 9.11111
1999.27926 8.33333
1999.28200 6.72222
1999.28474 7.72222
1999.28747 4.72222
1999.29021 0.833333
1999.29295 3.16667
1999.29569 4.11111
1999.29843 4.44444
1999.30116 6.22222
1999.30390 9.05556
1999.30664 10.6111
1999.30938 10.6111
1999.31211 10.4444
1999.31485 11.2778
1999.31759 11.7222
1999.32033 12.2778
1999.32307 12.7778
1999.32580 14.0556
1999.32854 14.2778
1999.33128 15.6667
1999.33402 14.7222
1999.33676 14.5
1999.33949 13.3333
1999.34223 11.0556
1999.34497 9.44444
1999.34771 13.2778
1999.35044 13.5
1999.35318 13.8889
1999.35592 16.4444
1999.35866 13.6667
1999.36140 13.8333
1999.36413 14.1111
1999.36687 12.3889
1999.36961 12
1999.37235 9.72222
1999.37509 12.3889
1999.37782 13.6111
1999.38056 15.5556
1999.38330 13.5
1999.38604 12.1667
1999.38877 12.2778
1999.39151 12.5
1999.39425 14.4444
1999.39699 16
1999.39973 16.9444
1999.40246 18.5
1999.40520 20.3889
1999.40794 19.7222
1999.41068 21.1111
1999.41342 21.6111
1999.41615 20.4444
1999.41889 20.5556
1999.42163 18.6111
1999.42437 14.8889
1999.42710 16.4444
1999.42984 12.9444
1999.43258 13.7222
1999.43532 12.2778
1999.43806 14.3333
1999.44079 16.1111
1999.44353 14.8889
1999.44627 16.3889
1999.44901 17.0556
1999.45175 16.7778
1999.45448 15.7222
1999.45722 16.1111
1999.45996 16.6667
1999.46270 14.1111
1999.46543 11.8889
1999.46817 14.3889
1999.47091 11.9444
1999.47365 11.1111
1999.47639 12.2778
1999.47912 14.2778
1999.48186 16.2222
1999.48460 18.7222
1999.48734 17.2222
1999.49008 15.3889
1999.49281 17.4444
1999.49555 19
1999.49829 18.9444
1999.50103 20.2222
1999.50376 22.3889
1999.50650 24.6111
1999.50924 25.3333
1999.51198 556.123
1999.51472 16.2222
1999.51745 15.2222
1999.52019 15.3889
1999.52293 17.9444
1999.52567 17.9444
1999.52841 18.4444
1999.53114 20.3889
1999.53388 17.8889
1999.53662 16.2222
1999.53936 16.9444
1999.54209 18.8889
1999.54483 19.7778
1999.54757 20.2778
1999.55031 21.7778
1999.55305 20.9444
1999.55578 16.6111
1999.55852 13.7778
1999.56126 14
1999.56400 16.1111
1999.56674 19.5556
1999.56947 21.1667
1999.57221 20.1111
1999.57495 19.2778
1999.57769 18.2778
1999.58042 18.7222
1999.58316 19.1667
1999.58590 18.7778
1999.58864 19.1111
1999.59138 20.8333
1999.59411 20.4444
1999.59685 22.4444
1999.59959 19.6111
1999.60233 19.6667
1999.60507 21.4444
1999.60780 17.7222
1999.61054 16.6667
1999.61328 15.7222
1999.61602 14.3889
1999.61875 16.7222
1999.62149 17.4444
1999.62423 14.8333
1999.62697 15.7222
1999.62971 17.4444
1999.63244 18.2222
1999.63518 16.4444
1999.63792 15.6667
1999.64066 15.0556
1999.64339 14.3333
1999.64613 15.8889
1999.64887 18
1999.65161 19.2778
1999.65435 19.3333
1999.65708 17.7778
1999.65982 16.2778
1999.66256 15.5
1999.66530 17.0556
1999.66804 15.3889
1999.67077 12.3333
1999.67351 14.7222
1999.67625 17.0556
1999.67899 16.0556
1999.68172 18.6111
1999.68446 17.2778
1999.68720 17.5
1999.68994 17.2778
1999.69268 17.3889
1999.69541 17.4444
1999.69815 17.4444
1999.70089 16.6667
1999.70363 17.1111
1999.70637 16.6667
1999.70910 16
1999.71184 16.5556
1999.71458 16.7222
1999.71732 17.1667
1999.72005 18.5556
1999.72279 14.9444
1999.72553 18.4444
1999.72827 17.2778
1999.73101 17.5556
1999.73374 15.9444
1999.73648 14.5
1999.73922 14.1667
1999.74196 13.5556
1999.74470 14.6667
1999.74743 14.9444
1999.75017 13.3333
1999.75291 13.9444
1999.75565 10.9444
1999.75838 9.83333
1999.76112 8.16667
1999.76386 8
1999.76660 7.11111
1999.76934 8.55556
1999.77207 12.2222
1999.77481 12.4444
1999.77755 12.8889
1999.78029 10.8889
1999.78303 8.55556
1999.78576 9.11111
1999.78850 7.72222
1999.79124 4.94444
1999.79398 2.94444
1999.79671 3.05556
1999.79945 3.55556
1999.80219 4.94444
1999.80493 7.27778
1999.80767 8.22222
1999.81040 7.16667
1999.81314 7.94444
1999.81588 9.77778
1999.81862 12.3889
1999.82136 9.5
1999.82409 9.77778
1999.82683 12.0556
1999.82957 11.3889
1999.83231 10.3889
1999.83504 7.88889
1999.83778 11.3333
1999.84052 9.11111
1999.84326 7.83333
1999.84600 8.11111
1999.84873 5.61111
1999.85147 5.55556
1999.85421 5.72222
1999.85695 5
1999.85969 3.44444
1999.86242 3.55556
1999.86516 3.11111
1999.86790 2.05556
1999.87064 1.11111
1999.87337 -0.611111
1999.87611 -1.72222
1999.87885 0.166667
1999.88159 0.166667
1999.88433 -1.33333
1999.88706 -3.94444
1999.88980 -5.16667
1999.89254 -2.77778
1999.89528 -0.555556
1999.89802 1.55556
1999.90075 2
1999.90349 -2.94444
1999.90623 -2.05556
1999.90897 -1.55556
1999.91170 -5.33333
1999.91444 -5.66667
1999.91718 3.77778
1999.91992 5.88889
1999.92266 6.16667
1999.92539 3.27778
1999.92813 0.666667
1999.93087 -0.111111
1999.93361 2.5
1999.93634 5.44444
1999.93908 3.61111
1999.94182 4.11111
1999.94456 4.55556
1999.94730 9.5
1999.95003 3.33333
1999.95277 2.55556
1999.95551 -0.222222
1999.95825 -2.44444
1999.96099 -2.61111
1999.96372 4.05556
1999.96646 -1.44444
1999.96920 -2.94444
1999.97194 -3.11111
1999.97467 -8.77778
1999.97741 -8.22222
1999.98015 -2.72222
1999.98289 0.555556
1999.98563 3.88889
1999.98836 2.72222
1999.99110 0.111111
1999.99384 0.166667
1999.99658 -1.5
1999.99932 -2.38889
2000.00274 0.666667
2000.00548 1.61111
2000.00821 -0.555556
2000.01095 1.88889
2000.01369 6
2000.01643 -1.44444
2000.01916 1
2000.02190 1.27778
2000.02464 -1.27778
2000.02738 -0.888889
2000.03012 -0.388889
2000.03285 -2.72222
2000.03559 -4.16667
2000.03833 -5.72222
2000.04107 -6.55556
2000.04381 -3.05556
2000.04654 0.944444
2000.04928 2.66667
2000.05202 -0.611111
2000.05476 -0.833333
2000.05749 0.166667
2000.06023 0.222222
2000.06297 -2.38889
2000.06571 -12.3333
2000.06845 -16.7778
2000.07118 -14.6667
2000.07392 -10.2778
2000.07666 -3.5
2000.07940 5.38889
2000.08214 7.55556
2000.08487 8.22222
2000.08761 5.44444
2000.09035 7.33333
2000.09309 3.72222
2000.09582 3.61111
2000.09856 5.55556
2000.10130 4.94444
2000.10404 6.11111
2000.10678 9.5
2000.10951 4.66667
2000.11225 4.33333
2000.11499 2.77778
2000.11773 1.33333
2000.12047 4
2000.12320 2.5
2000.12594 6
2000.12868 3.83333
2000.13142 0.277778
2000.13415 1.11111
2000.13689 3.77778
2000.13963 0.722222
2000.14237 -2.16667
2000.14511 -1.38889
2000.14784 1.94444
2000.15058 3.77778
2000.15332 6.61111
2000.15606 3.05556
2000.15880 3.83333
2000.16153 8
2000.16427 7.94444
2000.16701 6.11111
2000.16975 2.38889
2000.17248 6.22222
2000.17522 2.22222
2000.17796 -0.277778
2000.18070 1.61111
2000.18344 5.55556
2000.18617 8.66667
2000.18891 11.0556
2000.19165 7.72222
2000.19439 8.83333
2000.19713 5.16667
2000.19986 4.11111
2000.20260 7.11111
2000.20534 3
2000.20808 3.33333
2000.21081 5.44444
2000.21355 3.72222
2000.21629 3.38889
2000.21903 3.27778
2000.22177 5.22222
2000.22450 6.66667
2000.22724 9.05556
2000.22998 10.0556
2000.23272 8.88889
2000.23546 5.11111
2000.23819 5
2000.24093 4.5
2000.24367 6.22222
2000.24641 2.66667
2000.24914 5.55556
2000.25188 3.88889
2000.25462 6
2000.25736 9.94444
2000.26010 11.5
2000.26283 8.77778
2000.26557 2.38889
2000.26831 4.44444
2000.27105 5.83333
2000.27379 6.55556
2000.27652 7.44444
2000.27926 7.66667
2000.28200 5.27778
2000.28474 5.72222
2000.28747 11.2778
2000.29021 9
2000.29295 10.3333
2000.29569 9.94444
2000.29843 7.88889
2000.30116 9.55556
2000.30390 10.5556
2000.30664 14.6111
2000.30938 15.6667
2000.31211 17.4444
2000.31485 9.88889
2000.31759 11.4444
2000.32033 13.6667
2000.32307 14.8889
2000.32580 16.9444
2000.32854 17
2000.33128 15.1667
2000.33402 14.8889
2000.33676 15.2222
2000.33949 15.6111
2000.34223 15
2000.34497 15.0556
2000.34771 15.7778
2000.35044 16.9444
2000.35318 17.2222
2000.35592 18.2222
2000.35866 19.1111
2000.36140 20.2778
2000.36413 16.2222
2000.36687 14.9444
2000.36961 15.4444
2000.37235 17.2778
2000.37509 19.3889
2000.37782 19.1111
2000.38056 12.5
2000.38330 11.1111
2000.38604 9.38889
2000.38877 11.8333
2000.39151 10.1111
2000.39425 11.9444
2000.39699 15.3333
2000.39973 17.8333
2000.40246 17.1111
2000.40520 13.9444
2000.40794 13.8889
2000.41068 10.1667
2000.41342 11
2000.41615 11.7778
2000.41889 14
2000.42163 17.9444
2000.42437 20.9444
2000.42710 19.4444
2000.42984 20.8333
2000.43258 14.8333
2000.43532 14.2778
2000.43806 15.5556
2000.44079 19.9444
2000.44353 22.6111
2000.44627 22.8889
2000.44901 19.7222
2000.45175 22.2222
2000.45448 20.9444
2000.45722 17.6111
2000.45996 14.6667
2000.46270 13.9444
2000.46543 16.1667
2000.46817 20.1667
2000.47091 22.6111
2000.47365 24.7778
2000.47639 23.8333
2000.47912 16.1111
2000.48186 14.2222
2000.48460 12.6111
2000.48734 13.2222
2000.49008 13.2778
2000.49281 15.5556
2000.49555 16.0556
2000.49829 16.8889
2000.50103 20.3889
2000.50376 22.0556
2000.50650 19.7222
2000.50924 18.3889
2000.51198 18.8889
2000.51472 19.3889
2000.51745 17.2778
2000.52019 13.8333
2000.52293 13.5556
2000.52567 14.6667
2000.52841 13.9444
2000.53114 12.8889
2000.53388 12.8333
2000.53662 12.3889
2000.53936 11.1667
2000.54209 11.5556
2000.54483 13.8333
2000.54757 16.2222
2000.55031 15.2222
2000.55305 14.9444
2000.55578 16.9444
2000.55852 16.3889
2000.56126 16.9444
2000.56400 19.3333
2000.56674 19.9444
2000.56947 18.4444
2000.57221 19.6111
2000.57495 15.8889
2000.57769 15.7778
2000.58042 15
2000.58316 17.3333
2000.58590 19.2222
2000.58864 19.5
2000.59138 16.4444
2000.59411 15.6111
2000.59685 16.1111
2000.59959 15.3333
2000.60233 16.2778
2000.60507 17.4444
2000.60780 16.8889
2000.61054 19.6111
2000.61328 21.1111
2000.61602 20.4444
2000.61875 21.2222
2000.62149 21.7778
2000.62423 22.9444
2000.62697 21.8889
2000.62971 21.7778
2000.63244 18.3889
2000.63518 22.6667
2000.63792 24.6111
2000.64066 21.7222
2000.64339 17.3333
2000.64613 17.3333
2000.64887 19.5
2000.65161 18.4444
2000.65435 16.7222
2000.65708 16.2778
2000.65982 15.7778
2000.66256 15.4444
2000.66530 16.7222
2000.66804 17.2778
2000.67077 16.8333
2000.67351 16.1111
2000.67625 13.2778
2000.67899 11.9444
2000.68172 12.7222
2000.68446 12.8889
2000.68720 12.4444
2000.68994 13.8889
2000.69268 14.1111
2000.69541 15.5
2000.69815 16.3889
2000.70089 16.3889
2000.70363 15.7778
2000.70637 16.4444
2000.70910 17.2778
2000.71184 13.7778
2000.71458 12.5556
2000.71732 12.7778
2000.72005 11.9444
2000.72279 12.8333
2000.72553 11.9444
2000.72827 10.6111
2000.73101 11.2778
2000.73374 9.44444
2000.73648 12.2222
2000.73922 14.2778
2000.74196 14.5
2000.74470 15.2778
2000.74743 14.7778
2000.75017 15.6667
2000.75291 14.7222
2000.75565 12.6111
2000.75838 11.1111
2000.76112 11.0556
2000.76386 11.3333
2000.76660 9.33333
2000.76934 6.22222
2000.77207 7.72222
2000.77481 8
2000.77755 6.88889
2000.78029 8.38889
2000.78303 10.6111
2000.78576 12.1667
2000.78850 9.94444
2000.79124 15.2778
2000.79398 12.9444
2000.79671 12.1667
2000.79945 10.5556
2000.80219 9.44444
2000.80493 10.8889
2000.80767 7.77778
2000.81040 7.44444
2000.81314 8.5
2000.81588 9.94444
2000.81862 13.5
2000.82136 11
2000.82409 9.72222
2000.82683 10.6111
2000.82957 9.11111
2000.83231 9.16667
2000.83504 7.77778
2000.83778 7.88889
2000.84052 8.16667
2000.84326 9.33333
2000.84600 5.66667
2000.84873 4.05556
2000.85147 5.05556
2000.85421 6.38889
2000.85695 6.77778
2000.85969 7.72222
2000.86242 6.55556
2000.86516 4.61111
2000.86790 2.55556
2000.87064 6.72222
2000.87337 7.27778
2000.87611 6.22222
2000.87885 6.22222
2000.88159 4.55556
2000.88433 2.61111
2000.88706 -1.72222
2000.88980 4.27778
2000.89254 3.88889
2000.89528 2.72222
2000.89802 1.38889
2000.90075 4.72222
2000.90349 2.94444
2000.90623 4.61111
2000.90897 4.38889
2000.91170 4.83333
2000.91444 2.22222
2000.91718 3.5
2000.91992 2.05556
2000.92266 3.11111
2000.92539 4.38889
2000.92813 3.72222
2000.93087 2.27778
2000.93361 1.16667
2000.93634 2.44444
2000.93908 4.77778
2000.94182 7.22222
2000.94456 8.05556
2000.94730 9.66667
2000.95003 9.72222
2000.95277 9.66667
2000.95551 7.77778
2000.95825 5.27778
2000.96099 2.16667
2000.96372 3
2000.96646 2.72222
2000.96920 3
2000.97194 -0.833333
2000.97467 -4.16667
2000.97741 -5.27778
2000.98015 -5.27778
2000.98289 -4.94444
2000.98563 -1.83333
2000.98836 0.722222
2000.99110 -1.27778
2000.99384 0.0555556
2000.99658 -1.38889
2000.99932 -0.722222
2001.00205 -2.77778
2001.00274 -4.94444
2001.00548 0.611111
2001.00821 3.72222
2001.01095 0.888889
2001.01369 1.61111
2001.01643 4.72222
2001.01916 0.555556
2001.02190 0.777778
2001.02464 -0.666667
2001.02738 -3.22222
2001.03012 1.55556
2001.03285 -1.16667
2001.03559 -5.05556
2001.03833 -5.33333
2001.04107 -5.61111
2001.04381 -9.11111
2001.04654 -7.38889
2001.04928 -6.27778
2001.05202 -6.38889
2001.05476 -2.55556
2001.05749 -2.27778
2001.06023 -1.44444
2001.06297 0.555556
2001.06571 1.94444
2001.06845 1.72222
2001.07118 2.22222
2001.07392 1.22222
2001.07666 -0.277778
2001.07940 -1.61111
2001.08214 -0.0555556
2001.08487 -0.111111
2001.08761 -1.88889
2001.09035 -2.33333
2001.09309 1.11111
2001.09582 4.61111
2001.09856 7.27778
2001.10130 7.94444
2001.10404 5.44444
2001.10678 3.72222
2001.10951 5.61111
2001.11225 3.33333
2001.11499 1.55556
2001.11773 3.61111
2001.12047 3.55556
2001.12320 2.05556
2001.12594 2.5
2001.12868 4.05556
2001.13142 3.94444
2001.13415 2.11111
2001.13689 2.77778
2001.13963 1.88889
2001.14237 3.11111
2001.14511 3.05556
2001.14784 1.38889
2001.15058 -2
2001.15332 -2.88889
2001.15606 -2.61111
2001.15880 -1.55556
2001.16153 -0.777778
2001.16427 1.16667
2001.16701 1.61111
2001.16975 1.55556
2001.17248 3.94444
2001.17522 3.33333
2001.17796 1.55556
2001.18070 2.77778
2001.18344 7.66667
2001.18617 7.94444
2001.18891 8.11111
2001.19165 10.1667
2001.19439 11.5556
2001.19713 7.44444
2001.19986 5.27778
2001.20260 8.77778
2001.20534 10.7222
2001.20808 8.38889
2001.21081 10.1111
2001.21355 6
2001.21629 1.83333
2001.21903 5.55556
2001.22177 9.88889
2001.22450 9.22222
2001.22724 11.6111
2001.22998 9.88889
2001.23272 3.22222
2001.23546 1.55556
2001.23819 3.77778
2001.24093 6.5
2001.24367 6.16667
2001.24641 7.11111
2001.24914 7.77778
2001.25188 9.38889
2001.25462 11.1667
2001.25736 10.6111
2001.26010 7.22222
2001.26283 9.72222
2001.26557 7.44444
2001.26831 6.16667
2001.27105 7.77778
2001.27379 8.22222
2001.27652 7.77778
2001.27926 7.5
2001.28200 1.77778
2001.28474 0.888889
2001.28747 2.83333
2001.29021 5.72222
2001.29295 4.61111
2001.29569 6.27778
2001.29843 3.66667
2001.30116 2
2001.30390 1.61111
2001.30664 2.44444
2001.30938 5.72222
2001.31211 9.88889
2001.31485 10.8889
2001.31759 9.55556
2001.32033 9.72222
2001.32307 11.6667
2001.32580 13.8333
2001.32854 15.8889
2001.33128 18.0556
2001.33402 18.5
2001.33676 17.9444
2001.33949 16.4444
2001.34223 13.2778
2001.34497 9.33333
2001.34771 10.7222
2001.35044 11.5
2001.35318 13.4444
2001.35592 14.9444
2001.35866 14.5556
2001.36140 13.9444
2001.36413 14.3333
2001.36687 14.8889
2001.36961 13.8333
2001.37235 16.1667
2001.37509 15.8333
2001.37782 10.7222
2001.38056 11.1111
2001.38330 12.7778
2001.38604 15
2001.38877 13.8889
2001.39151 15.7222
2001.39425 17.9444
2001.39699 17.8333
2001.39973 17.5
2001.40246 20.1111
2001.40520 22
2001.40794 22.6111
2001.41068 20.0556
2001.41342 16.4444
2001.41615 12.5
2001.41889 11.9444
2001.42163 7.77778
2001.42437 9.38889
2001.42710 13
2001.42984 12.7778
2001.43258 15.9444
2001.43532 14.3333
2001.43806 11.7222
2001.44079 12.7778
2001.44353 10.3889
2001.44627 13.0556
2001.44901 15.7778
2001.45175 15.2778
2001.45448 18.3889
2001.45722 15
2001.45996 14.5
2001.46270 13.1667
2001.46543 11.9444
2001.46817 13.7222
2001.47091 17.6667
2001.47365 16.1111
2001.47639 15.3333
2001.47912 16.8333
2001.48186 18.8333
2001.48460 19.5556
2001.48734 21.3333
2001.49008 18.8333
2001.49281 19.7778
2001.49555 20.6111
2001.49829 18.1111
2001.50103 18.5
2001.50376 15.8333
2001.50650 17.5556
2001.50924 18.9444
2001.51198 22.0556
2001.51472 19.7222
2001.51745 17.8889
2001.52019 17.5
2001.52293 20.2778
2001.52567 16.9444
2001.52841 18.6667
2001.53114 16.2222
2001.53388 21.2778
2001.53662 18.1667
2001.53936 13
2001.54209 13.5556
2001.54483 12.5
2001.54757 14.1111
2001.55031 14.7778
2001.55305 14.8889
2001.55578 17.1667
2001.55852 19.1667
2001.56126 19.3889
2001.56400 19.8333
2001.56674 20.7222
2001.56947 21.3889
2001.57221 22.2778
2001.57495 21.6111
2001.57769 22.4444
2001.58042 23.8889
2001.58316 23.2778
2001.58590 23.1111
2001.58864 22.8333
2001.59138 17.9444
2001.59411 17.5556
2001.59685 18.4444
2001.59959 19.3333
2001.60233 18.2222
2001.60507 19.4444
2001.60780 15.9444
2001.61054 14.2778
2001.61328 15.3333
2001.61602 18.7222
2001.61875 20.9444
2001.62149 22.4444
2001.62423 24.5556
2001.62697 20.0556
2001.62971 20.8333
2001.63244 21.2222
2001.63518 17.5556
2001.63792 16.8333
2001.64066 17.9444
2001.64339 18.8889
2001.64613 19.7778
2001.64887 19.8333
2001.65161 20.7778
2001.65435 21.3889
2001.65708 16.2222
2001.65982 14.5556
2001.66256 15.8889
2001.66530 15.8889
2001.66804 13.4444
2001.67077 14.2222
2001.67351 16.4444
2001.67625 13.5
2001.67899 11.7778
2001.68172 12.8889
2001.68446 13.3333
2001.68720 12.9444
2001.68994 9.94444
2001.69268 9.33333
2001.69541 10.2778
2001.69815 11.2778
2001.70089 13.5
2001.70363 10.3889
2001.70637 10.6111
2001.70910 9.55556
2001.71184 8.77778
2001.71458 9.33333
2001.71732 9.83333
2001.72005 13.1667
2001.72279 11.5
2001.72553 9.27778
2001.72827 10.6667
2001.73101 12.6667
2001.73374 10.7222
2001.73648 10.1667
2001.73922 11.2222
2001.74196 12
2001.74470 13.2778
2001.74743 13.6667
2001.75017 14.0556
2001.75291 19.6111
2001.75565 17.1111
2001.75838 12.7778
2001.76112 10.1667
2001.76386 14.1111
2001.76660 13.2222
2001.76934 14.9444
2001.77207 14.1667
2001.77481 13.7222
2001.77755 12.6111
2001.78029 10.1111
2001.78303 12.1111
2001.78576 13.4444
2001.78850 11.8889
2001.79124 13.4444
2001.79398 13.2778
2001.79671 10.9444
2001.79945 9.61111
2001.80219 10
2001.80493 11.6667
2001.80767 11.5556
2001.81040 10.4444
2001.81314 11.1111
2001.81588 10.4444
2001.81862 9.88889
2001.82136 10.4444
2001.82409 12.8889
2001.82683 14.0556
2001.82957 13.7778
2001.83231 12.7222
2001.83504 6.44444
2001.83778 4.94444
2001.84052 4.66667
2001.84326 5.11111
2001.84600 6.88889
2001.84873 6.38889
2001.85147 8.11111
2001.85421 9.27778
2001.85695 1.16667
2001.85969 -1.22222
2001.86242 -1.27778
2001.86516 -0.888889
2001.86790 1.38889
2001.87064 -1.11111
2001.87337 -2.27778
2001.87611 -1.83333
2001.87885 -0.333333
2001.88159 -0.111111
2001.88433 -1.05556
2001.88706 1.44444
2001.88980 1.72222
2001.89254 3.33333
2001.89528 -0.0555556
2001.89802 0.555556
2001.90075 1.94444
2001.90349 5.66667
2001.90623 5.66667
2001.90897 2.55556
2001.91170 4.05556
2001.91444 4.94444
2001.91718 2.72222
2001.91992 2.27778
2001.92266 0.222222
2001.92539 4.88889
2001.92813 6.61111
2001.93087 6.66667
2001.93361 2.44444
2001.93634 -0.722222
2001.93908 -3.33333
2001.94182 -3.38889
2001.94456 -0.611111
2001.94730 0.611111
2001.95003 -6.72222
2001.95277 -12.1667
2001.95551 -9.11111
2001.95825 -5.94444
2001.96099 -2.44444
2001.96372 -1.77778
2001.96646 -1.83333
2001.96920 -2.27778
2001.97194 -3.44444
2001.97467 0
2001.97741 -7.05556
2001.98015 -10.1111
2001.98289 2.94444
2001.98563 -0.0555556
2001.98836 -2.77778
2001.99110 4.5
2001.99384 5.77778
2001.99658 -0.833333
2001.99932 -3.44444
2002.00274 -5.44444
2002.00548 -3.16667
2002.00821 -7.11111
2002.01095 -10.8889
2002.01369 -10.8889
2002.01643 -11.1111
2002.01916 -3
2002.02190 -4.44444
2002.02464 -5.55556
2002.02738 -8.11111
2002.03012 -9.38889
2002.03285 -2.83333
2002.03559 -1.38889
2002.03833 -3.55556
2002.04107 -5.33333
2002.04381 -4.38889
2002.04654 -2.44444
2002.04928 -3.44444
2002.05202 1.61111
2002.05476 4.83333
2002.05749 5.72222
2002.06023 4.66667
2002.06297 3.61111
2002.06571 5.94444
2002.06845 4.83333
2002.07118 8.05556
2002.07392 10.8889
2002.07666 11.9444
2002.07940 8.11111
2002.08214 5.33333
2002.08487 6
2002.08761 7.05556
2002.09035 5.22222
2002.09309 3.72222
2002.09582 5.77778
2002.09856 7.38889
2002.10130 6.72222
2002.10404 4.22222
2002.10678 4.66667
2002.10951 9.55556
2002.11225 6.22222
2002.11499 9.11111
2002.11773 11.6111
2002.12047 8.88889
2002.12320 3.83333
2002.12594 1.83333
2002.12868 3.5
2002.13142 3.27778
2002.13415 5.05556
2002.13689 3.66667
2002.13963 5.83333
2002.14237 0.555556
2002.14511 0.833333
2002.14784 5.44444
2002.15058 0.722222
2002.15332 4.72222
2002.15606 10.2778
2002.15880 7.11111
2002.16153 5.66667
2002.16427 5.55556
2002.16701 2.16667
2002.16975 2.05556
2002.17248 2.16667
2002.17522 4.5
2002.17796 7
2002.18070 9.22222
2002.18344 6.22222
2002.18617 6.33333
2002.18617 99
2002.18617 99
2002.18617 99
2002.18617 -99
2002.18617 99
2002.18617 -99
2002.18617 -99
2002.18617 -99
2002.18617 99
2002.18617 99
2002.18617 99
2002.18617 -99
2002.18617 99
2002.18617 99
2002.18617 -99
2002.18617 99
2002.18617 -99
2002.18617 99
2002.18617 99
2002.18617 99
2002.18617 -99
2002.18617 99
2002.18617 99
2002.18617 99
2002.18617 99
2002.18617 -99
2002.18617 99
2002.18617 -99
2002.26557 2.77778
2002.26831 4.27778
2002.27105 5.61111
2002.27379 5
2002.27652 8.77778
2002.27926 11.4444
2002.28200 9.38889
2002.28474 7.11111
2002.28747 4.72222
2002.29021 6.72222
2002.29295 7.27778
2002.29569 9.66667
2002.29843 8.05556
2002.30116 7.22222
2002.30390 9.16667
2002.30664 10.5556
2002.30938 13.2222
2002.31211 10.4444
2002.31485 11.1111
2002.31759 12.8333
2002.32033 8.72222
2002.32307 11.4444
2002.32580 10.7222
2002.32854 12.6111
2002.33128 14.4444
2002.33402 13.2222
2002.33676 12.6111
2002.33949 9.72222
2002.34223 9
2002.34497 10.5
2002.34771 14.2222
2002.35044 16.7778
2002.35318 19.0556
2002.35592 14.6667
2002.35866 14.0556
2002.36140 13.1667
2002.36413 14.3889
2002.36687 16.1111
2002.36961 14.8889
2002.37235 16.7778
2002.37509 19.6111
2002.37782 19.2778
2002.38056 12.5556
2002.38330 12.5556
2002.38604 14.5556
2002.38877 18.5556
2002.39151 17.3333
2002.39425 12.1111
2002.39699 12.6667
2002.39973 12.0556
2002.40246 11.8889
2002.40520 10.1667
2002.40794 13.3889
2002.41068 14.2778
2002.41342 15.6111
2002.41615 15.8889
2002.41889 15
2002.42163 16.7778
2002.42437 19.2222
2002.42710 18.5
2002.42984 16.4444
2002.43258 14.5556
2002.43532 16.1667
2002.43806 15.4444
2002.44079 13.5
2002.44353 15
2002.44627 18.3333
2002.44901 21.7222
2002.45175 21.1111
2002.45448 22.7222
2002.45722 20.7778
2002.45996 23.1667
2002.45996 99
2002.45996 -99
2002.45996 99
2002.45996 -99
2002.47365 22.8889
2002.47639 25.1111
2002.47912 18.7778
2002.48186 18.5
2002.48460 18.5
2002.48734 20.3889
2002.49008 16.4444
2002.49281 13.9444
2002.49555 15.4444
2002.49829 412.00
2002.50103 16.3333
2002.50376 18.1111
2002.50650 14.7778
2002.50924 16.8333
2002.51198 16.6667
2002.51472 18.1111
2002.51745 20.5
2002.52019 22.1667
2002.52293 19.5
2002.52567 15.6111
2002.52841 19.2222
2002.53114 17.6667
2002.53388 18.1111
2002.53662 18.8889
2002.53936 20
2002.54209 18.3889
2002.54483 14.5556
2002.54757 16
2002.55031 18.2778
2002.55305 19
2002.55578 17.4444
2002.55852 17.9444
2002.56126 17.6111
2002.56400 15.8889
2002.56674 15.1667
2002.56947 17.0556
2002.57221 20.1111
2002.57495 21.6111
2002.57769 22.3333
2002.58042 21.8333
2002.58316 19.4444
2002.58590 17.8889
2002.58864 19.9444
2002.59138 18.5
2002.59411 17.8889
2002.59685 16.4444
2002.59959 15.5556
2002.60233 16.7778
2002.60507 16.1667
2002.60780 17.8889
2002.61054 14.2222
2002.61328 15.8333
2002.61602 16.8333
2002.61875 17.4444
2002.62149 17.7778
2002.62423 19.2778
2002.62697 19
2002.62971 20.1111
2002.63244 20.6111
2002.63518 20.8333
2002.63792 16.4444
2002.64066 16.3333
2002.64339 16.8333
2002.64613 19.2778
2002.64887 20.7778
2002.65161 21.3889
2002.65435 18.8333
2002.65708 18.7778
2002.65982 18.8333
2002.66256 19.2778
2002.66530 19.7222
2002.66804 15.9444
2002.67077 15.4444
2002.67351 13.8889
2002.67625 16.8333
2002.67899 15.5556
2002.68172 15.2778
2002.68446 16.3333
2002.68720 17.4444
2002.68994 19.0556
2002.69268 14.3333
2002.69541 12.1667
2002.69815 13.8889
2002.70089 10.9444
2002.70363 12.2222
2002.70637 12.8333
2002.70910 11
2002.71184 10.3333
2002.71458 11.9444
2002.71732 13.1111
2002.72005 15.8889
2002.72279 13.6667
2002.72553 11.8889
2002.72827 9.38889
2002.73101 5.27778
2002.73374 3.88889
2002.73648 6.88889
2002.73922 8.55556
2002.74196 5.72222
2002.74470 5.83333
2002.74743 7.16667
2002.75017 7.44444
2002.75291 7.94444
2002.75565 11.5
2002.75838 11.9444
2002.76112 10.0556
2002.76386 9.55556
2002.76660 6.27778
2002.76934 5.55556
2002.77207 6.55556
2002.77481 7.44444
2002.77755 7.44444
2002.78029 6.22222
2002.78303 7.44444
2002.78576 8.61111
2002.78850 10.2778
2002.79124 15.2222
2002.79398 11.1667
2002.79671 8.44444
2002.79945 6.38889
2002.80219 4.88889
2002.80493 7.44444
2002.80767 12.3889
2002.81040 12.1667
2002.81314 8.05556
2002.81588 9.44444
2002.81862 11
2002.82136 11.6667
2002.82409 8.38889
2002.82683 6.11111
2002.82957 8.88889
2002.83231 9.61111
2002.83504 10.9444
2002.83778 10.5556
2002.84052 9.5
2002.84326 7.27778
2002.84600 2.94444
2002.84873 0.0555556
2002.85147 1.94444
2002.85421 3.77778
2002.85695 5.55556
2002.85969 4.22222
2002.86242 9.27778
2002.86516 7.33333
2002.86790 3.55556
2002.87064 5
2002.87337 6.16667
2002.87611 8.72222
2002.87885 8.05556
2002.88159 4.94444
2002.88433 6.11111
2002.88706 5.38889
2002.88980 4.72222
2002.89254 5
2002.89528 6.72222
2002.89802 3.94444
2002.90075 5.77778
2002.90349 6.61111
2002.90623 7.44444
2002.90897 6.05556
2002.91170 5.83333
2002.91444 6.33333
2002.91718 3.88889
2002.91992 2.5
2002.92266 2.66667
2002.92539 3.16667
2002.92813 3.44444
2002.93087 2.5
2002.93361 1
2002.93634 -0.333333
2002.93908 -4
2002.94182 -5.72222
2002.94456 -7.27778
2002.94730 -5.66667
2002.95003 -4.66667
2002.95277 -1.88889
2002.95551 -2.05556
2002.95825 3.22222
2002.96099 3.44444
2002.96372 0.277778
2002.96646 -2.38889
2002.96920 0.444444
2002.97194 5.77778
2002.97467 6.83333
2002.97741 7.77778
2002.98015 2.05556
2002.98289 0.111111
2002.98563 -0.388889
2002.98836 0.388889
2002.99110 3.27778
2002.99384 6.55556
2002.99658 11.2778
2002.99932 6.38889
2003.00274 1.77778
2003.00548 11.2778
2003.00821 7.94444
2003.01095 5.27778
2003.01369 -3.38889
2003.01643 -5.05556
2003.01916 -6.38889
2003.02190 -8.83333
2003.02464 -10.9444
2003.02738 -9.38889
2003.03012 -10.2778
2003.03285 -14.3333
2003.03559 -5.77778
2003.03833 2.5
2003.04107 0
2003.04381 1.16667
2003.04654 -1.11111
2003.04928 -2.72222
2003.05202 -2.88889
2003.05476 1.11111
2003.05749 -3.5
2003.06023 2.55556
2003.06297 3.05556
2003.06571 1.83333
2003.06845 0.722222
2003.07118 0.666667
2003.07392 2.83333
2003.07666 5.27778
2003.07940 1.27778
2003.08214 -0.333333
2003.08487 -3.38889
2003.08761 -8
2003.09035 -4.05556
2003.09309 3.11111
2003.09582 0.111111
2003.09856 -1.38889
2003.10130 -2.11111
2003.10404 -3.11111
2003.10678 -0.388889
2003.10951 -4.22222
2003.11225 -7
2003.11499 -5.22222
2003.11773 -5.44444
2003.12047 -8.22222
2003.12320 -10.1111
2003.12594 -9.33333
2003.12868 -4.27778
2003.13142 -5.72222
2003.13415 -7.5
2003.13689 -6.38889
2003.13963 -4.38889
2003.14237 -1.88889
2003.14511 -3.88889
2003.14784 -7.83333
2003.15058 -7.05556
2003.15332 -4.27778
2003.15606 -1.72222
2003.15880 -0.444444
2003.16153 1.55556
2003.16427 3.72222
2003.16701 4.11111
2003.16975 4.38889
2003.17248 1.61111
2003.17522 4.72222
2003.17796 2.27778
2003.18070 3.94444
2003.18344 3.88889
2003.18617 6.61111
2003.18891 10.4444
2003.19165 11.5556
2003.19439 8.5
2003.19713 3.66667
2003.19986 0.666667
2003.20260 0.722222
2003.20534 2.22222
2003.20808 2.33333
2003.21081 2.61111
2003.21355 4.94444
2003.21629 5
2003.21903 2.22222
2003.22177 1.44444
2003.22450 3.55556
2003.22724 6.72222
2003.22998 8.5
2003.23272 8.44444
2003.23546 9.33333
2003.23819 10.6667
2003.24093 11.7778
2003.24367 12.3889
2003.24641 9.27778
2003.24914 9.22222
2003.25188 6.38889
2003.25462 3.88889
2003.25736 4.16667
2003.26010 4.88889
2003.26283 0.444444
2003.26557 -2.11111
2003.26831 -0.0555556
2003.27105 1.44444
2003.27379 3.72222
2003.27652 3.55556
2003.27926 6.55556
2003.28200 10.2778
2003.28474 10.8889
2003.28747 13.2222
2003.29021 13.7222
2003.29295 12
2003.29569 8.83333
2003.29843 4.88889
2003.30116 13.2778
2003.30390 10.7778
2003.30664 10.8889
2003.30938 11.6667
2003.31211 10.7778
2003.31485 12.3889
2003.31759 14.9444
2003.32033 13
2003.32307 15.8333
2003.32580 15.5
2003.32854 15.8333
2003.33128 14.3889
2003.33402 15.5556
2003.33676 12.4444
2003.33949 13.7222
2003.34223 19.3333
2003.34497 21.3889
2003.34771 19.7222
2003.35044 20.8889
2003.35318 15.8889
2003.35592 15.2222
2003.35866 15.3889
2003.36140 15.5
2003.36413 11.0556
2003.36687 8.72222
2003.36961 7.61111
2003.37235 9.44444
2003.37509 12.6111
2003.37782 14.5556
2003.38056 18.4444
2003.38330 11.2222
2003.38604 10.0556
2003.38877 12.1667
2003.39151 16.2222
2003.39425 17.5
2003.39699 16.4444
2003.39973 15.0556
2003.40246 17.5556
2003.40520 18.3333
2003.40794 19.8889
2003.41068 20.4444
2003.41342 19.0556
2003.41615 19.2222
2003.41889 20.1111
2003.42163 20.6667
2003.42437 21.8333
2003.42710 22.7778
2003.42984 21
2003.43258 21.8333
2003.43532 23.5556
2003.43806 22.0556
2003.44079 23.5
2003.44353 23.8333
2003.44627 24.5556
2003.44901 21.1111
2003.45175 21
2003.45448 20.5556
2003.45722 20.2222
2003.45996 20.2778
2003.46270 19.3333
2003.46543 19.3889
2003.46817 20.1111
2003.47091 17.1111
2003.47365 19
2003.47639 24.7222
2003.47912 22.8889
2003.48186 21.7778
2003.48460 21.4444
2003.48734 20.4444
2003.49008 20.1111
2003.49281 21.5
2003.49555 24.8889
2003.49829 16.0556
2003.50103 17.7222
2003.50376 15.2222
2003.50650 15.0556
2003.50924 15.6111
2003.51198 16.9444
2003.51472 17.9444
2003.51745 19.5556
2003.52019 19.6111
2003.52293 19.6667
2003.52567 20.3889
2003.52841 21.1111
2003.53114 18.7222
2003.53388 19
2003.53662 20.9444
2003.53936 22.2222
2003.54209 18.3333
2003.54483 18.7222
2003.54757 20.7778
2003.55031 23.1111
2003.55305 22.7778
2003.55578 23.9444
2003.55852 21.2778
2003.56126 19.2778
2003.56400 19.8889
2003.56674 22.1667
2003.56947 22.6667
2003.57221 19.3333
2003.57495 18.8333
2003.57769 19.4444
2003.58042 18.8333
2003.58316 20.8333
2003.58590 23.1667
2003.58864 24.8333
2003.59138 26.2222
2003.59411 26.5556
2003.59685 25.2222
2003.59959 24.1111
2003.60233 26.1111
2003.60507 25.2778
2003.60780 26.9444
2003.61054 24.8889
2003.61328 25.7222
2003.61602 27.6667
2003.61875 23.8889
2003.62149 20
2003.62423 20.1111
2003.62697 22.5
2003.62971 21.7222
2003.63244 20.6667
2003.63518 22.0556
2003.63792 22.3333
2003.64066 22.6111
2003.64339 21.3889
2003.64613 21
2003.64887 18.9444
2003.65161 20.2222
2003.65435 20.1111
2003.65708 21.4444
2003.65982 18.6111
2003.66256 15.8889
2003.66530 12.7778
2003.66804 12.0556
2003.67077 11.6667
2003.67351 10.2778
2003.67625 12.5556
2003.67899 14.4444
2003.68172 14.6111
2003.68446 15.6667
2003.68720 14.8333
2003.68994 15.1111
2003.69268 14.3889
2003.69541 12.6111
2003.69815 13.0556
2003.70089 13.0556
2003.70363 12.7778
2003.70637 12.6111
2003.70910 12.1667
2003.71184 14.2222
2003.71458 15.9444
2003.71732 17.5556
2003.72005 18.0556
2003.72279 19.7222
2003.72553 18.6667
2003.72827 15.3333
2003.73101 10.4444
2003.73374 10.2222
2003.73648 11.8889
2003.73922 15.3333
2003.74196 15.2778
2003.74470 12.3889
2003.74743 8.88889
2003.75017 11.1111
2003.75291 16.0556
2003.75565 13.7778
2003.75838 13.1111
2003.76112 8.44444
2003.76386 8.66667
2003.76660 7.5
2003.76934 5.94444
2003.77207 9.77778
2003.77481 12.4444
2003.77755 13.2222
2003.78029 9.94444
2003.78303 6.72222
2003.78576 5.44444
2003.78850 4.77778
2003.79124 4.22222
2003.79398 4.22222
2003.79671 3.77778
2003.79945 4.61111
2003.80219 5
2003.80493 4.5
2003.80767 3.16667
2003.81040 2.61111
2003.81314 -0.611111
2003.81588 0.944444
2003.81862 1.61111
2003.82136 -0.444444
2003.82409 0
2003.82683 6.38889
2003.82957 4.55556
2003.83231 6.94444
2003.83504 7.38889
2003.83778 6.33333
2003.84052 7.77778
2003.84326 7.11111
2003.84600 4.27778
2003.84873 4.11111
2003.85147 4.88889
2003.85421 5.88889
2003.85695 5.22222
2003.85969 2.83333
2003.86242 0.888889
2003.86516 -0.166667
2003.86790 2.94444
2003.87064 4.61111
2003.87337 5.94444
2003.87611 2.94444
2003.87885 5.05556
2003.88159 6.77778
2003.88433 6.88889
2003.88706 4.55556
2003.88980 2.66667
2003.89254 3
2003.89528 3
2003.89802 2.88889
2003.90075 3.88889
2003.90349 2.94444
2003.90623 3.27778
2003.90897 3.38889
2003.91170 1.66667
2003.91444 0.277778
2003.91718 2.77778
2003.91992 3.66667
2003.92266 2.55556
2003.92539 2.44444
2003.92813 2.27778
2003.93087 1.33333
2003.93361 -1.61111
2003.93634 -3.77778
2003.93908 -2.05556
2003.94182 0.333333
2003.94456 -0.388889
2003.94730 3.5
2003.95003 4.27778
2003.95277 6.27778
2003.95551 1.22222
2003.95825 0.0555556
2003.96099 0.166667
2003.96372 -2.22222
2003.96646 -2
2003.96920 3.11111
2003.97194 4.77778
2003.97467 0.277778
2003.97741 -4.66667
2003.98015 -9.27778
2003.98289 -6.72222
2003.98563 -4.27778
2003.98836 -1.38889
2003.99110 0
2003.99384 1.33333
2003.99658 0.611111
2003.99932 -0.277778
2004.00274 -1.72222
2004.00548 -4.27778
2004.00821 -8.55556
2004.01095 -4.61111
2004.01369 -0.111111
2004.01643 -2.11111
2004.01916 1.72222
2004.02190 -0.888889
2004.02464 2.94444
2004.02738 2.27778
2004.03012 4.11111
2004.03285 5.55556
2004.03559 7.05556
2004.03833 4.72222
2004.04107 2.44444
2004.04381 2.38889
2004.04654 2.11111
2004.04928 -0.444444
2004.05202 -0.111111
2004.05476 0.444444
2004.05749 -3.05556
2004.06023 -5.27778
2004.06297 -10.7778
2004.06571 -10.7778
2004.06845 -0.777778
2004.07118 -3.44444
2004.07392 -1.16667
2004.07666 -2.38889
2004.07940 -2.33333
2004.08214 -3.05556
2004.08487 -1.72222
2004.08761 7.94444
2004.09035 8.55556
2004.09309 8.22222
2004.09582 6.22222
2004.09856 8.27778
2004.10130 11.1111
2004.10404 8.33333
2004.10678 3.38889
2004.10951 0.5
2004.11225 1.38889
2004.11499 0.666667
2004.11773 -1.55556
2004.12047 1.66667
2004.12320 2.94444
2004.12594 3.33333
2004.12868 2.72222
2004.13142 -0.666667
2004.13415 0.555556
2004.13689 0.0555556
2004.13963 -0.166667
2004.14237 1.38889
2004.14511 3.88889
2004.14784 -1.55556
2004.15058 -3.94444
2004.15332 -5.11111
2004.15606 -2.16667
2004.15880 -3
2004.16153 -4.5
2004.16427 -3.44444
2004.16701 -4
2004.16975 -2.94444
2004.17248 0.777778
2004.17522 -0.777778
2004.17796 -2.94444
2004.18070 -3.88889
2004.18344 1.72222
2004.18617 0.833333
2004.18891 -1
2004.19165 -1.83333
2004.19439 -0.388889
2004.19713 2.11111
2004.19986 5.05556
2004.20260 5.5
2004.20534 9.61111
2004.20808 8.88889
2004.21081 9.88889
2004.21355 10.8889
2004.21629 12.7778
2004.21903 13.2778
2004.22177 10.6111
2004.22450 6.27778
2004.22724 3.05556
2004.22998 1.44444
2004.23272 1.22222
2004.23546 -0.111111
2004.23819 -0.222222
2004.24093 1.88889
2004.24367 3.27778
2004.24641 6.88889
2004.24914 7.61111
2004.25188 10.2222
2004.25462 11.5
2004.25736 10.3333
2004.26010 8.94444
2004.26283 6.88889
2004.26557 5.16667
2004.26831 3.5
2004.27105 4.5
2004.27379 5.16667
2004.27652 5.61111
2004.27926 6.05556
2004.28200 6.11111
2004.28474 7.16667
2004.28747 8.05556
2004.29021 9.38889
2004.29295 12.0556
2004.29569 12.6111
2004.29843 12.8889
2004.30116 7.05556
2004.30390 8.61111
2004.30664 12.6667
2004.30938 13.1111
2004.31211 13.3333
2004.31485 9.33333
2004.31759 8.05556
2004.32033 10.6111
2004.32307 12.2778
2004.32580 14.0556
2004.32854 16
2004.33128 15.7222
2004.33402 13.0556
2004.33676 12.5556
2004.33949 13.5
2004.34223 14.1111
2004.34497 10.1667
2004.34771 6.72222
2004.35044 7.88889
2004.35318 9.55556
2004.35592 7.88889
2004.35866 8.77778
2004.36140 11.4444
2004.36413 12.6667
2004.36687 9.88889
2004.36961 11.0556
2004.37235 13.0556
2004.37509 11.9444
2004.37782 12.5
2004.38056 16.1111
2004.38330 18
2004.38604 17.8889
2004.38877 14.4444
2004.39151 8.66667
2004.39425 7.16667
2004.39699 8.72222
2004.39973 11.0556
2004.40246 13.6111
2004.40520 12.1667
2004.40794 10.8889
2004.41068 11.4444
2004.41342 14.1667
2004.41615 11.7222
2004.41889 12.9444
2004.42163 12.8333
2004.42437 12.3333
2004.42710 14.7222
2004.42984 12.2778
2004.43258 13.7222
2004.43532 15.9444
2004.43806 19.7778
2004.44079 22.7222
2004.44353 23
2004.44627 17.3889
2004.44901 15.4444
2004.45175 12.6111
2004.45448 15
2004.45722 16.8333
2004.45996 15.2222
2004.46270 17.1111
2004.46543 17.1667
2004.46817 14.2778
2004.47091 10.9444
2004.47365 12.7778
2004.47639 16.1667
2004.47912 17.0556
2004.48186 18.2222
2004.48460 15.2778
2004.48734 16.1111
2004.49008 19.7222
2004.49281 20.2778
2004.49555 17.3889
2004.49829 17.8333
2004.50103 16.6111
2004.50376 13.4444
2004.50650 16.4444
2004.50924 17.9444
2004.51198 19.7222
2004.51472 16.7222
2004.51745 18.4444
2004.52019 19.7778
2004.52293 15.8333
2004.52567 12.8889
2004.52841 12.3333
2004.53114 12.7778
2004.53388 12.9444
2004.53662 15.7222
2004.53936 16.4444
2004.54209 19.7778
2004.54483 20.4444
2004.54757 22.3889
2004.55031 21.2222
2004.55305 21.5
2004.55578 21.7778
2004.55852 21.9444
2004.56126 21
2004.56400 18.3889
2004.56674 19.0556
2004.56947 15.8889
2004.57221 15.3889
2004.57495 15.6667
2004.57769 16.6667
2004.58042 19
2004.58316 21.7222
2004.58590 22.9444
2004.58864 21.3889
2004.59138 20.6111
2004.59411 21.1667
2004.59685 21.7222
2004.59959 22.2222
2004.60233 21.5
2004.60507 20.5556
2004.60780 20.7778
2004.61054 21.7778
2004.61328 21.9444
2004.61602 22.6111
2004.61875 18.5556
2004.62149 15.3889
2004.62423 18.0556
2004.62697 18.1111
2004.62971 19.6111
2004.63244 21.2222
2004.63518 20.6667
2004.63792 17.3333
2004.64066 14.9444
2004.64339 14.3889
2004.64613 16.1111
2004.64887 17.1667
2004.65161 17.7778
2004.65435 15.0556
2004.65708 16.2222
2004.65982 17.8889
2004.66256 17.4444
2004.66530 16.5556
2004.66804 15.8889
2004.67077 14.7778
2004.67351 15.4444
2004.67625 18.7222
2004.67899 20.3889
2004.68172 17.7778
2004.68446 17.5
2004.68720 16.5
2004.68994 16.0556
2004.69268 14.4444
2004.69541 14.4444
2004.69815 17.5
2004.70089 15.7778
2004.70363 14.5
2004.70637 16.3333
2004.70910 14.7222
2004.71184 12.8889
2004.71458 11.6111
2004.71732 12.6111
2004.72005 15.2778
2004.72279 16
2004.72553 14
2004.72827 12.1111
2004.73101 13.5556
2004.73374 9.61111
2004.73648 9.33333
2004.73922 8.72222
2004.74196 11.5
2004.74470 13.4444
2004.74743 13.5556
2004.75017 12.5556
2004.75291 12.1111
2004.75565 13.0556
2004.75838 12.4444
2004.76112 13.6111
2004.76386 16.0556
2004.76660 16.5
2004.76934 13.8889
2004.77207 14.9444
2004.77481 9.55556
2004.77755 8.27778
2004.78029 6.44444
2004.78303 4.38889
2004.78576 3.61111
2004.78850 4.94444
2004.79124 8.72222
2004.79398 6.33333
2004.79671 5.61111
2004.79945 8.5
2004.80219 5.94444
2004.80493 11.3333
2004.80767 14
2004.81040 11.3889
2004.81314 12.2778
2004.81588 13.0556
2004.81862 13
2004.82136 10.6111
2004.82409 9.72222
2004.82683 10.7222
2004.82957 10.2222
2004.83231 9.83333
2004.83504 7.44444
2004.83778 9.88889
2004.84052 10.6111
2004.84326 10.4444
2004.84600 10
2004.84873 8.38889
2004.85147 6.22222
2004.85421 3.38889
2004.85695 2.22222
2004.85969 0.277778
2004.86242 0.277778
2004.86516 1.83333
2004.86790 2
2004.87064 2.33333
2004.87337 0.5
2004.87611 -1.94444
2004.87885 0.888889
2004.88159 5.11111
2004.88433 8.05556
2004.88706 3.94444
2004.88980 0.5
2004.89254 0
2004.89528 6.11111
2004.89802 7
2004.90075 -0.0555556
2004.90349 -0.944444
2004.90623 2.22222
2004.90897 5.66667
2004.91170 2.72222
2004.91444 3.16667
2004.91718 3.27778
2004.91992 2.22222
2004.92266 -0.666667
2004.92539 1.77778
2004.92813 2.38889
2004.93087 1.11111
2004.93361 1.44444
2004.93634 0.0555556
2004.93908 -1.05556
2004.94182 -0.777778
2004.94456 -3.72222
2004.94730 -3.66667
2004.95003 -3.88889
2004.95277 -3.77778
2004.95551 -4.66667
2004.95825 -455.55556
2004.96099 -4.94444
2004.96372 3.94444
2004.96646 1.83333
2004.96920 -0.333333
2004.97194 -8.55556
2004.97467 -9.77778
2004.97741 -4.05556
2004.98015 4.05556
2004.98289 7.11111
2004.98563 3.94444
2004.98836 1.88889
2004.99110 0.333333
2004.99384 0.333333
2004.99658 0.555556
2004.99932 -1.94444
2005.00205 0.5
2005.00274 4.16667
2005.00548 4.72222
2005.00821 2.88889
2005.01095 4.22222
2005.01369 3.44444
2005.01643 5.94444
2005.01916 3.88889
2005.02190 5.33333
2005.02464 6.11111
2005.02738 3.16667
2005.03012 3.27778
2005.03285 3.88889
2005.03559 4.27778
2005.03833 0.277778
2005.04107 -2.83333
2005.04381 -4.16667
2005.04654 -4
2005.04928 -0.0555556
2005.05202 1.27778
2005.05476 4.44444
2005.05749 3.66667
2005.06023 0.666667
2005.06297 -1
2005.06571 -2.61111
2005.06845 -5.22222
2005.07118 -6.72222
2005.07392 -8.27778
2005.07666 -11.4444
2005.07940 -10.8889
2005.08214 -8.05556
2005.08487 -1.77778
2005.08761 -0.444444
2005.09035 -0.166667
2005.09309 1.61111
2005.09582 -1.5
2005.09856 -6.88889
2005.10130 -7.11111
2005.10404 -9.16667
2005.10678 -7.5
2005.10951 -2.88889
2005.11225 -0.166667
2005.11499 4.11111
2005.11773 7.44444
2005.12047 2.22222
2005.12320 -0.388889
2005.12594 -25234.16667
2005.12868 -2.77778
2005.13142 -2.33333
2005.13415 -2.11111
2005.13689 -2
2005.13963 -1.33333
2005.14237 -2.55556
2005.14511 -3.05556
2005.14784 -8.16667
2005.15058 -11.8889
2005.15332 -7.61111
2005.15606 -3.16667
2005.15880 -6.55556
2005.16153 -13.4444
2005.16427 -14.1111
2005.16701 -7.66667
2005.16975 -5.44444
2005.17248 -5.55556
2005.17522 -4.11111
2005.17796 -4.88889
2005.18070 -5.22222
2005.18344 -0.777778
2005.18617 1.22222
2005.18891 -2.27778
2005.19165 -2.22222
2005.19439 1.77778
2005.19713 0.5
2005.19986 -0.5
2005.20260 5.05556
2005.20534 7.33333
2005.20808 11.5556
2005.21081 13.5556
2005.21355 9.94444
2005.21629 3.61111
2005.21903 3.72222
2005.22177 5.11111
2005.22450 10.2222
2005.22724 9
2005.22998 9.05556
2005.23272 6.72222
2005.23546 7.44444
2005.23819 9.72222
2005.24093 10.8333
2005.24367 9.44444
2005.24641 8.61111
2005.24914 6
2005.25188 7.61111
2005.25462 8.55556
2005.25736 9.27778
2005.26010 10.8889
2005.26283 12.7778
2005.26557 13.0556
2005.26831 7.88889
2005.27105 4.5
2005.27379 3.88889
2005.27652 6.5
2005.27926 9.72222
2005.28200 10.6667
2005.28474 10.7222
2005.28747 13.7222
2005.29021 12.7778
2005.29295 10.4444
2005.29569 8
2005.29843 8.44444
2005.30116 6.22222
2005.30390 4.66667
2005.30664 5.61111
2005.30938 9.22222
2005.31211 11.9444
2005.31485 10.1111
2005.31759 10.5556
2005.32033 9.44444
2005.32307 11.3333
2005.32580 13
2005.32854 16.0556
2005.33128 18
2005.33402 20.0556
2005.33676 16.7222
2005.33949 13
2005.34223 10.6667
2005.34497 7.94444
2005.34771 8.33333
2005.35044 7.16667
2005.35318 6.88889
2005.35592 7.33333
2005.35866 8.16667
2005.36140 9
2005.36413 12.1667
2005.36687 13.7778
2005.36961 12.9444
2005.37235 10.7778
2005.37509 12.0556
2005.37782 9.44444
2005.38056 9.22222
2005.38330 12.8889
2005.38604 16.6667
2005.38877 16.5
2005.39151 12.5
2005.39425 13.7222
2005.39699 15.4444
2005.39973 17.9444
2005.40246 19.6111
2005.40520 21.7222
2005.40794 23.1667
2005.41068 20.1111
2005.41342 12.9444
2005.41615 13.2778
2005.41889 14.9444
2005.42163 18.8889
2005.42437 15.8889
2005.42710 14.7222
2005.42984 13.7222
2005.43258 9.88889
2005.43532 10.5556
2005.43806 10.9444
2005.44079 13.0556
2005.44353 12.7222
2005.44627 12.2222
2005.44901 15.1111
2005.45175 17.6111
2005.45448 16.9444
2005.45722 19.6111
2005.45996 19.5556
2005.46270 20.0556
2005.46543 18.2222
2005.46817 19.6111
2005.47091 21.6111
2005.47365 22.6667
2005.47639 20.8889
2005.47912 22.7222
2005.48186 24.2222
2005.48460 22.1111
2005.48734 23.0556
2005.49008 23.4444
2005.49281 20.6667
2005.49555 19.4444
2005.49829 15.4444
2005.50103 17.2222
2005.50376 19.0556
2005.50650 19.2222
2005.50924 12.3333
2005.51198 15.1111
2005.51472 14.0556
2005.51745 13.6111
2005.52019 15.5
2005.52293 16.1111
2005.52567 16.6667
2005.52841 18.1111
2005.53114 19.4444
2005.53388 20.7778
2005.53662 21.8889
2005.53936 21.3889
2005.54209 21.7778
2005.54483 20.2778
2005.54757 18.0556
2005.55031 17.7222
2005.55305 17.0556
2005.55578 16.3889
2005.55852 16.3889
2005.56126 18.4444
2005.56400 17.8889
2005.56674 20.1111
2005.56947 22.8889
2005.57221 25.1111
2005.57495 24
2005.57769 18.8889
2005.58042 17.6667
2005.58316 18.6111
2005.58590 17.9444
2005.58864 15.7222
2005.59138 16.2778
2005.59411 17.1667
2005.59685 15.2778
2005.59959 12.4444
2005.60233 12.1111
2005.60507 13.7778
2005.60780 15.1111
2005.61054 15.7778
2005.61328 17.3889
2005.61602 16.9444
2005.61875 15.1111
2005.62149 13.3333
2005.62423 13.8333
2005.62697 15.6111
2005.62971 17.7222
2005.63244 18.3889
2005.63518 16.3889
2005.63792 16.9444
2005.64066 16.7778
2005.64339 15.4444
2005.64613 16.1111
2005.64887 17.7778
2005.65161 16.6667
2005.65435 16.2222
2005.65708 17.6667
2005.65982 17.8333
2005.66256 19.0556
2005.66530 20.0556
2005.66804 20.6111
2005.67077 20.7778
2005.67351 19.3889
2005.67625 17.0556
2005.67899 16.4444
2005.68172 17.3333
2005.68446 17.9444
2005.68720 19.2778
2005.68994 19.8333
2005.69268 17.5556
2005.69268 99
2005.69268 99
2005.69268 -99
2005.69268 99
2005.69268 -99
2005.69268 -99
2005.69268 99
2005.69268 99
2005.69268 -99
2005.69268 99
2005.72279 10.3333
2005.72279 -99
2005.72279 -99
2005.72279 -99
2005.72279 -99
2005.72279 -99
2005.73922 13.5
2005.74196 13.9444
2005.74470 11.9444
2005.74743 8.88889
2005.75017 10.3333
2005.75291 10.0556
2005.75565 10.1111
2005.75838 14.6111
2005.76112 15.2222
2005.76386 14.2778
2005.76660 12.5556
2005.76934 9.66667
2005.77207 11.2778
2005.77481 10.1667
2005.77755 9.88889
2005.78029 8.88889
2005.78303 6.44444
2005.78576 6.94444
2005.78850 8.22222
2005.79124 7.33333
2005.79398 5.77778
2005.79671 5.77778
2005.79945 4.88889
2005.80219 7.16667
2005.80493 9.16667
2005.80767 13.7222
2005.81040 13.4444
2005.81314 11.6111
2005.81588 13.2778
2005.81862 15.5556
2005.82136 11.1111
2005.82409 8.72222
2005.82683 8.72222
2005.82957 7.5
2005.83231 4.44444
2005.83504 7.16667
2005.83778 8.61111
2005.84052 10.6111
2005.84326 8.33333
2005.84600 8.11111
2005.84873 7.11111
2005.85147 7.16667
2005.85421 3.55556
2005.85695 3.05556
2005.85969 4.5
2005.86242 7.66667
2005.86516 6.33333
2005.86790 3.11111
2005.87064 2.77778
2005.87337 3.05556
2005.87611 3.5
2005.87885 2.38889
2005.88159 1.05556
2005.88433 -0.555556
2005.88706 -0.777778
2005.88980 0.5
2005.89254 -1.88889
2005.89528 -3
2005.89802 -6.44444
2005.90075 -2.38889
2005.90349 -5.33333
2005.90623 -2.94444
2005.90897 0.0555556
2005.91170 -1.5
2005.91444 -3.11111
2005.91718 -6.61111
2005.91992 -5.66667
2005.92266 -0.777778
2005.92539 1.55556
2005.92813 2.5
2005.93087 0.888889
2005.93361 2.11111
2005.93634 1.55556
2005.93908 0.388889
2005.94182 -1.88889
2005.94456 -4.22222
2005.94730 -5.61111
2005.95003 -3.11111
2005.95277 -0.0555556
2005.95551 1.22222
2005.95825 2.38889
2005.96099 -0.944444
2005.96372 -1.88889
2005.96646 -1.05556
2005.96920 0.277778
2005.97194 -0.277778
2005.97467 -0.888889
2005.97741 1.33333
2005.98015 1.88889
2005.98289 1.72222
2005.98563 -0.555556
2005.98836 -2.27778
2005.99110 -3.94444
2005.99384 -6.94444
2005.99658 -10.4444
2005.99932 0
2006.00274 1.77778
2006.00548 0.388889
2006.00821 0.222222
2006.01095 -0.722222
2006.01369 -0.388889
2006.01643 -0.722222
2006.01916 -1.38889
2006.02190 -2.27778
2006.02464 -4.83333
2006.02738 -6.55556
2006.03012 -9.16667
2006.03285 -8.38889
2006.03559 -5.66667
2006.03833 -6.66667
2006.04107 -7.5
2006.04381 -11.2778
2006.04654 -4.66667
2006.04928 1.88889
2006.05202 0.222222
2006.05476 -0.0555556
2006.05749 2.5
2006.06023 -1.5
2006.06297 -9.11111
2006.06571 -9.77778
2006.06845 -7.72222
2006.07118 -5.33333
2006.07392 -6.94444
2006.07666 -4.5
2006.07940 -5.72222
2006.08214 -5.72222
2006.08487 -6.5
2006.08761 -8.61111
2006.09035 -6.94444
2006.09309 -7.77778
2006.09582 -6.27778
2006.09856 -6.16667
2006.10130 -2.33333
2006.10404 0.833333
2006.10678 1.83333
2006.10951 0.444444
2006.11225 -1.38889
2006.11499 -2.88889
2006.11773 -7.33333
2006.12047 -8.55556
2006.12320 -6.22222
2006.12594 0.611111
2006.12868 4.27778
2006.13142 4.66667
2006.13415 3.33333
2006.13689 3.61111
2006.13963 4.5
2006.14237 3.5
2006.14511 1.55556
2006.14784 0.333333
2006.15058 0.777778
2006.15332 -0.0555556
2006.15606 -3.16667
2006.15880 -6.16667
2006.16153 -3.88889
2006.16427 -1.55556
2006.16701 -3.94444
2006.16975 -0.111111
2006.17248 -1.22222
2006.17522 -2.94444
2006.17796 -1.77778
2006.18070 -2.11111
2006.18344 -6.38889
2006.18617 5.66667
2006.18891 3.55556
2006.19165 1.66667
2006.19439 -4.88889
2006.19713 -4.55556
2006.19986 -3.88889
2006.20260 -2.11111
2006.20534 -1.55556
2006.20808 -0.611111
2006.21081 0.222222
2006.21355 0.777778
2006.21629 2.33333
2006.21903 5.05556
2006.22177 4.44444
2006.22450 1.22222
2006.22724 3.27778
2006.22998 9.05556
2006.23272 11.1111
2006.23546 13.1111
2006.23819 8.22222
2006.24093 6.88889
2006.24367 7.88889
2006.24641 11.8333
2006.24914 11.5556
2006.25188 11.3333
2006.25462 7.72222
2006.25736 6.88889
2006.26010 2.77778
2006.26283 2.83333
2006.26557 3.22222
2006.26831 7.66667
2006.27105 7.27778
2006.27379 4.33333
2006.27652 1.38889
2006.27926 2.38889
2006.28200 6.27778
2006.28474 10.0556
2006.28747 10.2778
2006.29021 11.9444
2006.29295 11.0556
2006.29569 10.6667
2006.29843 11.1111
2006.30116 11.4444
2006.30390 12.4444
2006.30664 12.5556
2006.30938 12.8889
2006.31211 13.8889
2006.31485 14.8333
2006.31759 13.8333
2006.32033 12.7778
2006.32307 10.5
2006.32580 6.38889
2006.32854 6.16667
2006.33128 9.5
2006.33402 13.7778
2006.33676 14.4444
2006.33949 15.0556
2006.34223 14.1667
2006.34497 13.7778
2006.34771 13.4444
2006.35044 14.2778
2006.35318 10.3889
2006.35592 10.3333
2006.35866 12.5
2006.36140 14.8333
2006.36413 15.2778
2006.36687 11.8333
2006.36961 14.6667
2006.37235 15.7778
2006.37509 16.5
2006.37782 16.2222
2006.38056 15.6111
2006.38330 13.7222
2006.38604 13.6111
2006.38877 16.9444
2006.39151 12.6667
2006.39425 11.6667
2006.39699 12.7778
2006.39973 13.8333
2006.40246 17.1111
2006.40520 16.2222
2006.40794 11.1111
2006.41068 7.22222
2006.41342 7.61111
2006.41615 7.33333
2006.41889 8.72222
2006.42163 12.0556
2006.42437 11.0556
2006.42710 10.9444
2006.42984 10.1111
2006.43258 11.0556
2006.43532 12.1111
2006.43806 14.2222
2006.44079 15.7222
2006.44353 15.5556
2006.44627 18.1111
2006.44901 19.1111
2006.45175 20.9444
2006.45448 21.9444
2006.45722 22.5556
2006.45996 20.3333
2006.46270 21.1667
2006.46543 23.1667
2006.46817 23.3889
2006.47091 23.7222
2006.47365 20.6111
2006.47639 18.7222
2006.47912 21.6111
2006.48186 23.1111
2006.48460 22
2006.48734 22.5556
2006.49008 20.2222
2006.49281 17.9444
2006.49555 17.6667
2006.49829 17.2222
2006.50103 17.7778
2006.50376 20.1111
2006.50650 21.5556
2006.50924 22.8333
2006.51198 21.1667
2006.51472 19.2778
2006.51745 19.7222
2006.52019 21.9444
2006.52293 22.2778
2006.52567 24.1111
2006.52841 22.3889
2006.53114 22.5556
2006.53388 21.3333
2006.53662 20.1111
2006.53936 19.0556
2006.54209 19.3333
2006.54483 20.6111
2006.54757 21.7778
2006.55031 24.5
2006.55305 25.9444
2006.55578 24.9444
2006.55852 23.0556
2006.56126 23.6111
2006.56400 24.6111
2006.56674 25.1111
2006.56947 25.2222
2006.57221 22.5
2006.57495 20
2006.57769 22.8889
2006.58042 21.8333
2006.58316 18.4444
2006.58590 17.3333
2006.58864 14.0556
2006.59138 14.0556
2006.59411 15.6667
2006.59685 15.2778
2006.59959 18.4444
2006.60233 17.1667
2006.60507 15.9444
2006.60780 13.8889
2006.61054 12.9444
2006.61328 12.2778
2006.61602 12.0556
2006.61875 14.1111
2006.62149 16.3889
2006.62423 15.8889
2006.62697 19.8889
2006.62971 18.6111
2006.63244 19.6667
2006.63518 16.6111
2006.63792 15.5
2006.64066 15.7778
2006.64339 15.6667
2006.64613 15.4444
2006.64887 15.2778
2006.65161 16.0556
2006.65435 15.2778
2006.65708 13.4444
2006.65982 11.7778
2006.66256 11.4444
2006.66530 12.7778
2006.66804 13.8889
2006.67077 18.6111
2006.67351 20.4444
2006.67625 22.7222
2006.67899 19.8333
2006.68172 18.6111
2006.68446 21.3333
2006.68720 14.3889
2006.68994 13.2778
2006.69268 15
2006.69541 16.5556
2006.69815 17
2006.70089 16.1667
2006.70363 17.8889
2006.70637 17.1667
2006.70910 17.0556
2006.71184 16.0556
2006.71458 15.8889
2006.71732 15.2778
2006.72005 16.2222
2006.72279 15.1111
2006.72553 15.5556
2006.72827 15.8889
2006.73101 15.4444
2006.73374 16.2222
2006.73648 14.5556
2006.73922 14.9444
2006.74196 13.6111
2006.74470 12.7778
2006.74743 15.4444
2006.75017 16.7222
2006.75291 16.4444
2006.75565 15.1111
2006.75838 11.9444
2006.76112 11
2006.76386 11.5556
2006.76660 11.3333
2006.76934 10.5
2006.77207 11
2006.77481 10.7222
2006.77755 10.3333
2006.78029 11.7222
2006.78303 12.8333
2006.78576 12.9444
2006.78850 10.1111
2006.79124 8.27778
2006.79398 4.22222
2006.79671 5.22222
2006.79945 9.27778
2006.80219 10.9444
2006.80493 11.7222
2006.80767 12.6111
2006.81040 13.7222
2006.81314 14.5556
2006.81588 10.2222
2006.81862 11.7222
2006.82136 14.9444
2006.82409 14.8889
2006.82683 13.6111
2006.82957 8.77778
2006.83231 11.1111
2006.83504 7.27778
2006.83778 0.722222
2006.84052 1.05556
2006.84326 3.61111
2006.84600 5.66667
2006.84873 5.88889
2006.85147 3.5
2006.85421 7.88889
2006.85695 10
2006.85969 3.38889
2006.86242 4.27778
2006.86516 6.16667
2006.86790 7.5
2006.87064 10.8889
2006.87337 10.2222
2006.87611 6.38889
2006.87885 6.88889
2006.88159 7.55556
2006.88433 5.55556
2006.88706 5.77778
2006.88980 6.27778
2006.89254 4.05556
2006.89528 2.94444
2006.89802 7.66667
2006.90075 5.94444
2006.90349 4.77778
2006.90623 4.05556
2006.90897 3.77778
2006.91170 3.05556
2006.91444 5.77778
2006.91718 4.72222
2006.91992 1.27778
2006.92266 1.94444
2006.92539 6.44444
2006.92813 10.4444
2006.93087 4.88889
2006.93361 5.61111
2006.93634 7
2006.93908 4.11111
2006.94182 3.11111
2006.94456 0.166667
2006.94456 -99
2006.95003 3.05556
2006.95277 1.11111
2006.95551 0.555556
2006.95825 2.88889
2006.96099 4.94444
2006.96372 1.11111
2006.96646 -0.0555556
2006.96920 0
2006.97194 0.444444
2006.97467 -0.166667
2006.97741 -1.05556
2006.98015 -0.611111
2006.98289 -1.72222
2006.98563 -2.16667
2006.98836 -3.33333
2006.99110 -3.77778
2006.99384 1.11111
2006.99658 -0.611111
2006.99932 7.77778